This is Changpil
This is generated by FileManager
<start>
1449366267 1332707554 1054457193 2034909538 1264717410 1066478181 229437786 2030598226 1486295571 2052662728 
604355609 1780581793 714191897 267446056 672781012 960811649 2009940606 895768614 1635162550 358476057 
225139595 1829186970 1632093395 792622424 2123453159 739051235 552949706 1466874200 1029599582 724886304 
1692903014 1480582266 1648386115 1472662784 18623373 2094622816 679255788 1621049925 309400329 1064235137 
2116088494 1686523110 1394660847 394339646 437582071 748066532 729861443 1525434801 804804850 1433552549 
379939731 1347954226 609882239 1154204657 125537178 961337200 1686839842 350988294 365914010 1297696406 
1679550912 121373490 1651559950 678418860 1512748234 363089266 1161760958 1795400296 1882343967 183243037 
1342072492 1057671635 1677762593 223623190 848886776 1508859124 1107423934 1563381196 1283453513 1939311782 
225092800 101060706 1690852090 1991995735 1999975067 1694424971 620833015 513767795 885235764 1845659189 
683859891 355094900 1459011922 1297409800 840234883 147551380 2144876254 344185017 1058189337 887123330 
</start>
